 4095
 1379845
 1678098
 1404321
 1085313
  786996
  532390
  337650
  202106
  112781
   59500
   29749
   13955
    6270
    2787
    1252
     699
     490
     409
     371
     375
     366
     380
     350
     360
     337
     300
     269
     227
     242
     226
     160
     168
     182
     157
     149
     146
     131
     166
     131
     133
     129
     135
     140
     116
     158
     128
     138
     107
     155
     144
     142
     134
     132
     150
     147
     117
     163
     161
     133
     133
     158
     159
     163
     162
     132
     134
     164
     160
     156
     155
     179
     151
     156
     168
     152
     159
     146
     182
     163
     162
     181
     153
     179
     157
     166
     166
     171
     151
     168
     185
     192
     182
     192
     197
     211
     193
     203
     227
     199
     248
     266
     263
     291
     317
     327
     395
     426
     456
     520
     589
     585
     647
     634
     656
     645
     598
     569
     542
     481
     424
     377
     329
     253
     247
     235
     217
     207
     207
     195
     235
     227
     263
     241
     276
     285
     285
     312
     304
     314
     350
     334
     393
     384
     367
     413
     428
     484
     483
     551
     604
     650
     666
     780
     855
     970
    1219
    1299
    1680
    2116
    2667
    3315
    4333
    5245
    6691
    7582
    9242
   10356
   11638
   12838
   13368
   13527
   13095
   12218
   11059
    9539
    8089
    6374
    4809
    3506
    2618
    1932
    1484
    1269
    1145
    1221
    1353
    1543
    1915
    2183
    2605
    2900
    3154
    3500
    3644
    3600
    3538
    3275
    3058
    2657
    2344
    1927
    1484
    1221
     933
     696
     507
     352
     298
     213
     185
     180
     129
     128
     112
     102
     133
     105
     119
     111
      88
     121
     113
     119
      90
     110
     104
     102
     109
     108
     108
     120
     123
      98
     137
     114
     102
     129
     125
     126
     106
     109
     126
     115
     126
     111
     139
     111
     123
     121
     109
     129
     119
     145
     126
     125
     122
     101
     116
     122
     111
     114
     136
     117
     119
     140
     107
     118
     134
     120
     106
     120
     118
     127
     120
     129
     136
     129
     132
     127
     133
     137
     164
     152
     149
     160
     165
     208
     234
     254
     329
     332
     385
     409
     424
     499
     529
     554
     574
     511
     465
     448
     382
     374
     266
     240
     205
     183
     172
     158
     132
     141
     109
     158
     135
     127
     124
     132
     120
     131
     117
     139
     140
     124
     158
     123
     127
     151
     121
     163
     151
     147
     160
     180
     180
     198
     216
     214
     266
     234
     253
     227
     289
     277
     292
     339
     319
     324
     336
     331
     300
     296
     280
     244
     249
     254
     227
     246
     239
     248
     237
     248
     251
     251
     262
     326
     253
     278
     269
     286
     257
     267
     261
     236
     274
     250
     267
     226
     242
     219
     210
     197
     217
     213
     203
     224
     213
     192
     228
     209
     233
     229
     231
     232
     217
     238
     252
     275
     300
     289
     350
     318
     388
     421
     455
     496
     493
     547
     560
     602
     609
     663
     650
     635
     637
     673
     713
     740
     731
     833
     840
     835
     878
     799
     744
     628
     610
     525
     503
     423
     385
     332
     350
     322
     351
     336
     360
     398
     452
     537
     620
     701
     925
    1216
    1460
    1941
    2415
    2914
    3599
    4269
    4900
    5614
    6204
    6593
    7100
    7211
    7054
    6716
    6057
    5404
    4433
    3611
    2803
    2112
    1446
    1019
     728
     499
     394
     308
     279
     279
     288
     328
     339
     357
     330
     336
     362
     354
     341
     298
     246
     236
     229
     221
     192
     180
     185
     175
     181
     188
     209
     185
     172
     147
     174
     133
     154
     134
     107
     138
      99
     132
     115
     100
     100
     109
      79
     110
     100
     101
     119
     105
     103
      85
     106
     118
      92
     103
     107
     117
     116
     107
      91
     104
     110
     100
     107
     108
     115
     110
     104
     120
     103
      97
     108
     113
     109
      97
     116
     105
      94
     113
     108
      86
     107
     107
     121
     100
     101
      98
     107
      87
      98
     117
      95
     113
     111
     117
      96
     115
     123
     106
     122
     122
     110
      97
      96
     121
     133
     115
      93
     111
     123
     127
     132
     105
     110
     123
     130
     122
     121
     125
     132
     146
     136
     118
     127
     118
     119
     132
     145
     145
     128
     109
     118
     136
     148
     117
     132
     112
     119
     117
     130
     132
     112
     110
     126
      95
      98
     137
     128
     125
     118
     136
     125
     138
     149
     131
     179
     172
     181
     194
     200
     201
     242
     192
     260
     224
     222
     200
     240
     211
     204
     175
     166
     157
     155
     133
     126
     133
     112
     141
     134
     141
     113
     153
     120
     127
     145
     156
     144
     131
     140
     119
     143
     129
     135
     124
     119
     121
     103
     114
     117
     121
     120
     111
     106
     111
     113
     101
      89
     119
      99
     115
     103
     100
     116
      96
      89
     108
      95
     122
      99
     103
      96
     111
     104
     111
      97
      91
     117
     114
     107
     107
     110
     119
      82
     110
     117
     101
      92
     113
     106
     116
     114
     102
     137
     107
     107
     124
     121
     111
     116
     111
     115
     109
     109
     113
     119
     110
     107
     113
     112
     106
     121
      96
     122
     106
     105
      93
     103
     108
     112
      99
     111
     122
     106
      91
     128
     131
     117
     121
     103
     118
     117
     108
     116
     128
     132
     117
     130
     116
     130
     113
     121
     126
     131
     102
     121
     135
     137
     112
     126
     111
     131
     128
     124
     100
     111
     125
     123
     122
     123
     112
     132
     135
     117
     120
     149
     135
     128
     107
     142
     108
     107
     126
     127
     108
     112
     139
     118
     135
     113
     126
     125
     132
     114
     122
     133
     132
     122
     136
     117
     156
     132
     112
     107
     145
     136
     133
     112
     122
     131
     139
     113
     120
     133
     125
     144
     145
     129
     142
     135
     130
     119
     105
     129
     116
     114
     141
     125
     131
     130
     127
     123
     153
     143
     144
     145
     155
     140
     161
     177
     147
     131
     148
     142
     152
     135
     134
     134
     159
     153
     121
     128
     140
     137
     127
     168
     150
     136
     157
     164
     158
     139
     129
     157
     167
     155
     129
     166
     147
     142
     143
     160
     161
     161
     161
     169
     147
     149
     163
     177
     149
     166
     151
     155
     142
     151
     143
     151
     147
     138
     180
     171
     190
     189
     185
     186
     221
     243
     266
     240
     244
     229
     248
     256
     229
     224
     210
     194
     228
     199
     160
     142
     128
     155
     157
     131
     127
     148
     150
     133
     126
     134
     150
     142
     133
     124
     132
     144
     128
     166
     151
     130
     119
     117
     138
     134
     141
     129
     138
     151
     119
     117
     151
     129
     122
     125
     138
     145
     130
     135
     129
     136
     125
     120
     138
     115
     117
     116
     119
     131
     131
     120
     127
     118
     102
     116
     118
     123
     122
     116
     118
     121
     138
     113
     139
     139
     133
     136
     115
     129
     132
     120
     115
     138
     121
     119
     117
     114
     125
     129
     137
     137
     150
     125
     126
     150
     134
     139
     126
     132
     118
     136
     126
     123
     131
     137
     106
     150
     112
     130
     124
     120
     115
     139
     122
     122
     145
     124
     107
     111
     128
     124
     128
     130
     136
     139
     147
     115
     116
     141
     117
     142
     128
     130
     122
     134
     129
     144
     142
     120
     136
     158
     148
     109
     132
     121
     114
     138
     129
     132
     135
     135
     130
     156
     127
     143
     141
     115
     149
     138
     149
     125
     138
     137
     159
     133
     136
     117
     134
     133
     144
     120
     135
     137
     148
     125
     146
     123
     138
     122
     145
     131
     141
     143
     150
     133
     142
     119
     153
     115
     113
     136
     123
     154
     152
     138
     141
     123
     133
     131
     118
     130
     126
     142
     136
     143
     131
     130
     120
     130
     129
     150
     153
     129
     117
     129
     123
     135
     120
     137
     150
     125
     133
     131
     139
     144
     136
     112
     142
     154
     123
     123
     145
     125
     152
     144
     140
     135
     128
     120
     132
     128
     134
     146
     131
     128
     131
     127
     136
     125
     128
     113
     115
     133
     133
     132
     110
     127
     122
     114
     106
     119
     111
     103
     114
     117
     110
     110
      82
     131
     123
     107
     101
     121
     101
      98
     101
     103
      93
      83
      83
      87
      88
      96
     101
      86
      98
     115
      99
      76
      96
      90
      74
      83
      75
      86
      90
      81
      87
      80
      84
      87
      86
      99
     102
     100
      82
      86
      85
      64
      81
      87
      81
      92
      92
      78
     103
      81
      79
      66
      70
      85
      90
      87
      92
     101
      81
      77
      63
      83
      86
      64
      79
      83
      69
      83
      97
      75
      78
      79
      66
      85
      69
      88
      74
      92
     107
      91
      76
      95
     112
     105
      93
     115
     129
     131
     126
     153
     142
     136
     124
     115
     102
     113
     104
     103
      82
      74
      85
      85
      65
      64
      81
      68
      66
      82
      70
      64
      87
      88
      77
      59
      61
      59
      68
      72
      78
      74
      77
      86
      63
      68
      67
      67
      67
      65
      78
      75
      63
      62
      62
      72
      75
      68
      69
      63
      64
      58
      63
      59
      83
      63
      61
      45
      69
      74
      57
      84
      61
      63
      66
      71
      61
      54
      63
      68
      63
      54
      61
      44
      65
      70
      67
      51
      40
      51
      48
      62
      62
      66
      57
      50
      61
      60
      69
      55
      63
      58
      58
      70
      51
      50
      49
      64
      44
      51
      59
      63
      46
      53
      53
      63
      65
      48
      45
      64
      60
      65
      66
      64
      55
      50
      50
      44
      57
      49
      57
      55
      54
      57
      58
      51
      57
      58
      49
      53
      43
      51
      48
      61
      52
      45
      55
      39
      34
      53
      39
      56
      56
      45
      37
      52
      40
      42
      43
      40
      43
      35
      41
      43
      45
      40
      44
      54
      38
      39
      44
      53
      52
      46
      46
      46
      38
      41
      52
      45
      52
      45
      64
      46
      50
      46
      54
      43
      44
      62
      39
      54
      59
      63
      42
      48
      52
      41
      32
      50
      52
      39
      46
      58
      38
      44
      48
      37
      48
      45
      33
      42
      47
      42
      44
      39
      42
      48
      45
      48
      43
      46
      35
      43
      52
      42
      41
      53
      44
      54
      45
      44
      49
      51
      44
      47
      58
      44
      39
      42
      44
      32
      30
      39
      36
      47
      46
      46
      41
      48
      53
      41
      45
      53
      50
      43
      39
      36
      47
      39
      34
      41
      45
      27
      36
      38
      44
      48
      41
      41
      25
      50
      43
      39
      51
      52
      41
      42
      50
      41
      47
      48
      31
      44
      26
      47
      39
      53
      44
      39
      34
      56
      45
      49
      48
      47
      47
      61
      75
      92
     105
     120
     178
     237
     273
     320
     397
     424
     524
     625
     617
     689
     729
     744
     752
     690
     620
     573
     472
     395
     314
     244
     176
     159
     113
      84
      68
      43
      31
      39
      25
      48
      36
      49
      43
      37
      41
      36
      35
      33
      32
      33
      32
      35
      42
      32
      45
      33
      48
      30
      29
      33
      26
      34
      29
      26
      34
      33
      48
      40
      36
      38
      29
      36
      28
      37
      37
      30
      38
      35
      41
      31
      33
      33
      33
      36
      42
      31
      30
      28
      35
      41
      28
      30
      39
      41
      37
      36
      38
      39
      33
      30
      52
      45
      39
      20
      38
      41
      47
      31
      38
      39
      29
      31
      44
      37
      30
      30
      34
      33
      38
      32
      44
      35
      33
      36
      38
      33
      45
      28
      34
      30
      42
      42
      48
      44
      42
      40
      41
      40
      39
      42
      42
      42
      34
      37
      43
      33
      41
      48
      35
      41
      41
      59
      67
      53
      70
      85
      80
     131
     160
     216
     277
     371
     501
     671
     779
     997
    1127
    1334
    1481
    1595
    1567
    1654
    1633
    1675
    1491
    1345
    1168
     900
     731
     578
     407
     314
     211
     179
     103
      85
      57
      40
      51
      44
      46
      32
      45
      60
      55
      54
      46
      51
      49
      43
      42
      25
      44
      34
      25
      31
      34
      29
      35
      25
      25
      19
      34
      33
      33
      25
      36
      35
      41
      30
      39
      31
      22
      36
      27
      31
      32
      27
      24
      29
      25
      36
      29
      30
      22
      25
      16
      24
      23
      29
      28
      32
      15
      23
      21
      30
      16
      28
      24
      26
      33
      30
      32
      27
      28
      17
      27
      25
      25
      13
      17
      12
      19
      23
      27
      30
      24
      23
      20
      20
      28
      19
      32
      21
      28
      28
      28
      30
      30
      20
      26
      29
      22
      31
      26
      28
      21
      20
      28
      24
      24
      36
      22
      27
      12
      31
      19
      22
      30
      37
      31
      22
      23
      26
      27
      27
      25
      22
      25
      29
      25
      26
      31
      20
      21
      19
      22
      21
      21
      28
      21
      21
      30
      26
      30
      29
      25
      23
      27
      23
      31
      28
      29
      39
      33
      38
      40
      48
      58
      43
      65
      67
      81
      66
      92
      77
      80
     101
      89
      82
      70
      77
      45
      51
      39
      42
      32
      22
      26
      29
      24
      31
      29
      57
      34
      40
      45
      41
      40
      42
      33
      43
      50
      42
      31
      33
      33
      38
      24
      19
      34
      32
      35
      43
      29
      33
      25
      16
      26
      32
      22
      38
      26
      17
      24
      26
      22
      27
      24
      32
      26
      30
      23
      19
      36
      26
      27
      23
      30
      31
      27
      36
      28
      25
      37
      28
      33
      25
      26
      22
      23
      31
      26
      26
      29
      36
      20
      27
      29
      35
      39
      27
      40
      31
      33
      29
      34
      27
      41
      30
      35
      35
      35
      35
      35
      38
      34
      37
      46
      44
      41
      39
      46
      68
      68
     110
     129
     197
     243
     366
     501
     714
     885
    1183
    1582
    1918
    2300
    2966
    3387
    3911
    4231
    4581
    4853
    4898
    4899
    4383
    4205
    3650
    3116
    2490
    1966
    1537
    1072
     813
     552
     300
     231
     132
      84
      56
      38
      18
      17
      13
      16
      11
      15
      13
       4
      12
      10
      17
      11
       8
      10
      10
      11
       9
       6
       4
      11
      10
       4
       3
       8
       6
      10
       7
       9
      10
       9
       9
      14
       1
       6
       9
      12
       9
       8
      10
       7
       7
       7
       6
       4
      10
       8
       8
      13
      10
      12
      13
       9
       7
       7
       9
      11
       7
       7
       5
      11
      18
       6
      15
      10
       5
       8
      11
       7
      15
      16
       8
       9
      12
      12
      10
       9
       7
       4
      12
       5
      11
      11
      11
      10
       9
      13
      12
      12
       7
       6
       9
      12
      10
      13
      15
      15
      17
      15
      22
       8
      13
      11
      14
      16
       9
      16
      12
       8
      20
       6
       8
      11
      15
       5
       7
      10
      13
      14
       9
      14
      11
      18
      18
      33
      28
      51
      44
      76
     120
     156
     180
     238
     286
     386
     407
     453
     522
     613
     668
     732
     688
     656
     686
     609
     547
     455
     427
     338
     305
     249
     208
     154
     124
     134
     155
     139
     140
     123
     129
     129
     106
     108
      77
      47
      63
      51
      38
      38
      24
      21
      24
      25
      20
      19
      20
      32
      21
      36
      24
      34
      35
      34
      32
      36
      36
      26
      22
      16
      18
      22
       9
       4
       8
      10
       5
       5
       2
       2
       1
       5
       2
       0
       3
       3
       0
       2
       3
       2
       3
       2
       1
       0
       4
       3
       0
       2
       4
       4
       2
       1
       1
       1
       5
       3
       4
       1
       5
       1
       1
       2
       5
       0
       2
       2
       2
       1
       5
       2
       2
       1
       3
       0
       1
       3
       1
       5
       1
       5
       2
       1
       3
       0
       0
       1
       4
       4
       2
       2
       2
       6
       2
       2
       7
       4
       2
       3
       1
       5
       5
       2
       5
       2
       1
       0
       2
       1
       6
       2
       5
       1
       2
       2
       0
       4
       1
       4
       0
       3
       4
       2
       3
       4
       4
       3
       6
       3
       1
       3
       6
       9
       3
       3
       5
      10
       9
      13
       6
       7
      13
      24
      12
      12
      13
      21
      23
      14
      16
      18
      15
      24
      18
      10
      10
       9
       6
       6
       5
       5
       5
       5
       9
       7
       6
       5
      10
       5
      12
      10
       9
       4
       8
       7
      11
       8
       6
       5
       4
       3
       6
       2
       4
       2
       1
       4
       1
       6
       2
       4
       2
       5
       5
       2
       4
       4
       5
       4
       2
       4
       4
       2
       2
       3
       3
       2
       2
       5
       1
       4
       3
       2
       6
       2
       4
       4
       5
       3
       4
       4
       5
       2
       4
       4
       3
       4
       3
       0
       4
       2
       4
       0
       2
       2
       3
       4
       2
       5
       3
       5
       5
       2
       4
       5
       4
       4
       5
       2
       4
       1
       0
       4
       5
       9
       2
       2
       5
       8
       4
      15
      16
      14
      22
      25
      33
      32
      51
      51
      63
      64
      73
      89
      76
      91
      84
      88
      69
      53
      57
      48
      48
      41
      27
      21
      10
       7
       5
       1
       3
       1
       2
       1
       0
       0
       1
       1
       1
       0
       2
       1
       1
       1
       1
       1
       3
       0
       2
       0
       0
       0
       1
       2
       1
       1
       2
       0
       1
       1
       1
       2
       1
       0
       0
       1
       0
       0
       1
       1
       0
       1
       1
       1
       0
       3
       2
       0
       0
       0
       1
       0
       1
       3
       0
       2
       1
       2
       0
       1
       5
       2
       0
       1
       0
       0
       2
       0
       1
       1
       1
       1
       0
       1
       1
       0
       1
       4
       1
       2
       1
       0
       1
       0
       0
       0
       3
       0
       0
       1
       3
       1
       2
       1
       0
       0
       0
       1
       0
       1
       3
       1
       0
       1
       0
       3
       1
       0
       1
       1
       0
       1
       1
       0
       0
       4
       1
       0
       1
       0
       1
       1
       0
       0
       3
       3
       1
       1
       2
       2
       0
       0
       1
       2
       0
       3
       1
       1
       1
       4
       3
       0
       1
       1
       0
       0
       0
       0
       0
       2
       0
       1
       2
       0
       1
       0
       2
       2
       0
       1
       0
       0
       2
       0
       4
       1
       2
       1
       0
       0
       0
       0
       0
       0
       0
       0
       2
       1
       0
       0
       3
       2
       1
       0
       1
       0
       0
       1
       0
       0
       1
       1
       1
       0
       0
       0
       1
       0
       0
       0
       1
       0
       1
       0
       0
       0
       2
       0
       1
       0
       1
       0
       0
       2
       0
       1
       0
       1
       0
       1
       0
       0
       0
       0
       1
       0
       1
       0
       3
       1
       1
       0
       0
       2
       0
       1
       1
       0
       2
       1
       1
       0
       1
       1
       1
       0
       1
       0
       0
       1
       0
       1
       0
       1
       0
       0
       0
       1
       1
       1
       0
       0
       1
       0
       1
       0
       0
       1
       0
       0
       0
       1
       0
       1
       1
       0
       0
       0
       0
       1
       1
       0
       1
       1
       0
       0
       1
       2
       1
       0
       2
       0
       1
       0
       0
       2
       1
       0
       1
       1
       0
       2
       0
       1
       1
       2
       1
       0
       0
       0
       1
       0
       0
       0
       1
       0
       1
       0
       1
       0
       0
       0
       0
       1
       1
       2
       0
       0
       0
       0
       0
       0
       0
       0
       0
       0
       1
       0
       1
       0
       0
       0
       0
       0
       2
       0
       0
       1
       1
       0
       0
       0
       1
       0
       1
       0
       0
       0
       0
       1
       0
       0
       1
       0
       1
       0
       1
       0
       2
       0
       1
       1
       1
       1
       0
       0
       1
       0
       1
       2
       0
       1
       0
       0
       1
       0
       0
       0
       0
       0
       0
       1
       0
       0
       0
       0
       0
       1
       1
       1
       2
       0
       1
       0
       1
       0
       2
       2
       0
       1
       0
       1
       1
       0
       0
       1
       0
       0
       0
       0
       0
       0
       1
       1
       0
       1
       0
       1
       0
       0
       0
       0
       0
       1
       2
       0
       0
       0
       0
       1
       0
       0
       2
       0
       1
       0
       0
       0
       0
       0
       1
       0
       0
       0
       0
       1
       0
       1
       2
       0
       0
       0
       0
       1
       0
       0
       0
       0
       0
       0
       0
       1
       1
       0
       0
       0
       0
       0
       1
       0
       0
       0
       0
       0
       1
       0
       0
       0
       0
       0
       1
       0
       1
       0
       0
       0
       0
       0
       1
       0
       0
       0
       0
       1
       0
       1
       0
       0
       0
       0
       1
       1
       0
       1
       0
       0
       0
       1
       0
       0
       0
       1
       1
       1
       1
       0
       2
       0
       0
       0
       0
       0
       1
       1
       0
       0
       0
       0
       0
       0
       0
       1
       2
       0
       1
       0
       0
       0
       0
       2
       0
       0
       0
       0
       0
       0
       0
       0
       0
       0
       0
       2
       0
       1
       1
       0
       0
       1
       1
       1
       0
       0
       1
       0
       1
       0
       0
       1
       0
       0
       0
       0
       0
       0
       0
       0
       1
       0
       0
       0
       0
       0
       0
       0
       0
       0
       0
       1
       0
       1
       0
       0
       1
       0
       0
       0
       2
       1
       0
       0
       0
       1
       0
       1
       1
       1
       1
       0
       0
       0
       0
       1
       0
       1
       0
       0
       0
       2
       2
       0
       0
       0
       0
       0
       1
       0
       1
       1
       0
       0
       0
       1
       1
       0
       0
       1
       0
       1
       0
       1
       1
       0
       0
       0
       0
       0
       0
       0
       0
       0
       0
       0
       1
       1
       0
       1
       0
       0
       1
       0
       0
       0
       0
       1
       0
       3
       0
       1
       1
       0
       1
       0
       0
       0
       0
       1
       0
       1
       0
       2
       0
       1
       0
       0
       0
       0
       2
       0
       1
       0
       0
       0
       0
       0
       0
       0
       0
       1
       0
       0
       0
       0
       0
       0
       0
       0
       1
       1
       0
       0
       0
       0
       0
       1
       0
       0
       0
       0
       1
       0
       1
       0
       0
       0
       1
       0
       1
       0
       1
       1
       0
       0
       1
       0
       0
       0
       0
       1
       0
       0
       1
       1
       1
       0
       0
       0
       0
       1
       0
       1
       0
       0
       0
       0
       0
       0
       2
       1
       0
       1
       2
       0
       0
       0
       0
       1
       1
       0
       0
       1
       0
       0
       0
       1
       0
       1
       0
       0
       0
       0
       0
       0
       0
       0
       1
       1
       1
       0
       0
       1
       0
       0
       1
       0
       0
       1
       1
       1
       0
       0
       2
       1
       0
       0
       0
       0
       1
       0
       0
       0
       0
       0
       0
       1
       0
       0
       0
       0
       0
       0
       1
       0
       0
       0
       0
       0
       0
       0
       1
       0
       0
       0
       0
       0
       0
       1
       0
       0
       0
       0
       1
       0
       0
       0
       0
       0
       1
       0
       0
       0
       3
       0
       0
       0
       0
       1
       0
       0
       0
       1
       0
       0
       0
       0
       1
       1
       0
       0
       0
       1
       0
       0
       0
       0
       0
       0
       0
       0
       0
       1
       0
       0
       1
       1
       0
       0
       0
       0
       0
       0
       0
       0
       0
       0
       0
       0
       0
       0
       0
       1
       0
       0
       0
       0
       0
       1
       0
       0
       0
       1
       0
       0
       0
       0
       1
       0
       0
       0
       0
       0
       1
       0
       0
       1
       1
       0
       1
       0
       1
       2
       0
       0
       1
       0
       1
       1
       1
       0
       0
       0
       0
       0
       1
       0
       0
       2
       0
       1
       0
       1
       0
       1
       0
       0
       0
       0
       0
       0
       0
       0
       0
       0
       2
       2
       0
       0
       0
       0
       0
       0
       0
       0
       0
       0
       0
       0
       2
       0
       0
       1
       0
       0
       1
       0
       0
       0
       0
       1
       0
       1
       0
       0
       1
       0
       0
       1
       0
       1
       0
       1
       0
       1
       0
       0
       0
       0
       0
       0
       0
       0
       0
       0
       0
       0
       1
       0
       0
       0
       1
       0
       0
       0
       0
       0
       0
       2
       1
       0
       0
       1
       0
       0
       0
       0
       0
       0
       0
       0
       0
       1
       1
       0
       1
       0
       1
       1
       1
       0
       0
       1
       0
       0
       0
       1
       1
       1
       0
       0
       0
       0
       0
       0
       0
       0
       0
       1
       0
       0
       1
       1
       0
       1
       1
       0
       1
       0
       1
       0
       0
       0
       0
       0
       0
       0
       0
       1
       0
       0
       0
       0
       1
       0
       0
       0
       0
       1
       0
       0
       0
       0
       1
       0
       0
       0
       2
       0
       1
       0
       0
       0
       0
       0
       0
       0
       0
       1
       1
       0
       0
       0
       0
       0
       1
       0
       1
       0
       0
       2
       0
       0
       0
       0
       0
       0
       0
       2
       1
       1
       0
       1
       1
       1
       0
       0
       0
       0
       1
       0
       1
       0
       0
       0
       0
       1
       0
       0
       0
       1
       0
       0
       0
       1
       0
       0
       0
       0
       0
       0
       0
       0
       0
       0
       0
       0
       0
       1
       0
       0
       0
       0
       0
       0
       0
       0
       0
       0
       0
       1
       0
       0
       0
       0
       0
       0
       0
       0
       0
       0
       0
       0
       0
       0
       1
       1
       0
       1
       0
       0
       0
       0
       0
       1
       1
       0
       1
       0
       0
       1
       1
       1
       0
       0
       0
       0
       0
       0
       0
       1
       0
       0
       0
       0
       0
       1
       0
       0
       0
       0
       1
       0
       1
       1
       0
       0
       0
       1
       0
       0
       1
       1
       0
       1
       0
       0
       1
       0
       0
       0
       0
       0
       0
       1
       0
       1
       0
       0
       0
       0
       0
       0
       0
       1
       0
       1
       0
       0
       0
       0
       0
       0
       0
       0
       1
       0
       0
       0
       0
       0
       0
       0
       0
       0
       0
       0
       0
       0
       0
       0
       0
       0
       1
       0
       0
       0
       0
       0
       0
       0
       0
       0
       0
       0
       1
       0
       0
       0
       1
       0
       0
       0
       0
       1
       0
       0
       0
       0
       1
       0
       0
       0
       0
       1
       0
       0
       1
       0
       0
       0
       0
       0
       0
       2
       0
       0
       0
       0
       0
       0
       0
       0
       0
       0
       0
       0
       0
       0
       0
       0
       1
       0
       0
       0
       1
       0
       2
       0
       1
       0
       2
       1
       0
       0
       0
       1
       0
       0
       0
       1
       1
       0
       1
       0
       0
       0
       0
       0
       0
       0
       0
       1
       0
       0
       0
       0
       0
       0
       1
       0
       0
       0
       0
       0
       0
       1
       0
       0
       0
       1
       0
       0
       0
       0
       0
       0
       1
       0
       0
       1
       0
       0
       0
       0
       0
       0
       0
       1
       0
       0
       0
       1
       0
       0
       0
       0
       0
       0
       0
       0
       0
       0
       0
       0
       0
       1
       0
       1
       0
       0
       1
       0
       0
       0
       0
       0
       1
       0
       0
       0
       0
       0
       0
       2
       0
       0
       0
       0
       0
       0
       0
       0
       0
       2
       0
       1
       0
       0
       0
       0
       0
       0
       0
       0
       0
       0
       0
       1
       1
       0
       0
       0
       0
       1
       1
       0
       0
       0
       1
       0
       1
       1
       0
       0
       1
       1
       0
       4
       5
       5
       6
       2
       1
       2
       2
       6
       6
       5
       6
       6
       3
       5
       7
       3
       3
       7
      10
       3
       5
       6
       5
       5
       6
       6
       4
       6
       4
       4
       7
       3
       8
       3
       6
       2
       4
       6
       5
       4
       8
       9
       4
       7
       3
       1
       2
       5
       5
       5
       7
       5
       7
       5
       6
       6
       3
       7
       8
       5
       2
       8
       1
       7
       6
       2
       7
       8
       6
       9
       0
       4
       4
       6
       5
       3
       8
       7
      10
       5
     384
    5917
   23212
   61426
  141788
  285192
  513266
  857919
 1296719
 1687843
 1910504